# This file may be used to create an environment using:
# $ conda create --name <env> --file <this file>
# platform: linux-64
_libgcc_mutex=0.1
_openmp_mutex=5.1
boto=2.49.0
bzip2=1.0.8
ca-certificates=2022.4.26
certifi=2022.6.15
krb5=1.19.2
ld_impl_linux-64=2.38
libedit=3.1.20210910
libffi=3.3
libgcc-ng=11.2.0
libgomp=11.2.0
libpq=12.9
libstdcxx-ng=11.2.0
libuuid=1.0.3
mo-dots=9.173.22126
mo-future=6.2.21303
mo-imports=7.169.22121
mo-parsing=8.183.22158
mo-sql-parsing=8.186.22172
ncurses=6.3
openssl=1.1.1o
pip=21.2.4
psycopg2=2.8.6
python=3.10.4
readline=8.1.2
setuptools=61.2.0
sqlite=3.38.5
tk=8.6.12
tqdm=4.64.0
tzdata=2022a
wheel=0.37.1
xz=5.2.5
z3=0.2.0
z3-solver=4.9.1.0
zlib=1.2.12
